"","SLR","Subsidence","SST","Rainfall","RiverDischarge","Elevation","Population"
"SLR",1,0.992,-0.126,-0.08,0.382,-0.959,-0.606
"Subsidence",0.992,1,-0.158,-0.118,0.394,-0.951,-0.634
"SST",-0.126,-0.158,1,-0.28,-0.087,0.142,0.227
"Rainfall",-0.08,-0.118,-0.28,1,-0.563,0.167,-0.365
"RiverDischarge",0.382,0.394,-0.087,-0.563,1,-0.409,-0.012
"Elevation",-0.959,-0.951,0.142,0.167,-0.409,1,0.628
"Population",-0.606,-0.634,0.227,-0.365,-0.012,0.628,1
